1,7512581.910,4691734.990,0.000,,0.000,1969-12-31,16:00:00,0.000
2,7512582.181,4691734.769,0.000,,0.000,1969-12-31,16:00:00,0.000
3,7512580.788,4691733.066,0.000,,0.000,1969-12-31,16:00:00,0.000
4,7512580.518,4691733.288,0.000,,0.000,1969-12-31,16:00:00,0.000
5,7512584.566,4691731.526,0.000,,0.000,1969-12-31,16:00:00,0.000
6,7512584.817,4691731.321,0.000,,0.000,1969-12-31,16:00:00,0.000
7,7512584.058,4691730.392,0.000,,0.000,1969-12-31,16:00:00,0.000
8,7512583.806,4691730.598,0.000,,0.000,1969-12-31,16:00:00,0.000
9,7512586.023,4691732.795,0.000,,0.000,1969-12-31,16:00:00,0.000
10,7512585.772,4691733.000,0.000,,0.000,1969-12-31,16:00:00,0.000
11,7512586.531,4691733.929,0.000,,0.000,1969-12-31,16:00:00,0.000
12,7512586.783,4691733.723,0.000,,0.000,1969-12-31,16:00:00,0.000
13,7512582.754,4691735.469,0.000,,0.000,1969-12-31,16:00:00,0.000
14,7512582.483,4691735.690,0.000,,0.000,1969-12-31,16:00:00,0.000
15,7512583.242,4691736.619,0.000,,0.000,1969-12-31,16:00:00,0.000
16,7512583.513,4691736.397,0.000,,0.000,1969-12-31,16:00:00,0.000
17,7512587.181,4691740.882,0.000,,0.000,1969-12-31,16:00:00,0.000
18,7512586.910,4691741.103,0.000,,0.000,1969-12-31,16:00:00,0.000
19,7512587.670,4691742.032,0.000,,0.000,1969-12-31,16:00:00,0.000
20,7512587.941,4691741.810,0.000,,0.000,1969-12-31,16:00:00,0.000
21,7512590.363,4691745.325,0.000,,0.000,1969-12-31,16:00:00,0.000
22,7512590.634,4691745.103,0.000,,0.000,1969-12-31,16:00:00,0.000
23,7512589.241,4691743.401,0.000,,0.000,1969-12-31,16:00:00,0.000
24,7512588.971,4691743.622,0.000,,0.000,1969-12-31,16:00:00,0.000
25,7512593.652,4691742.635,0.000,,0.000,1969-12-31,16:00:00,0.000
26,7512593.903,4691742.429,0.000,,0.000,1969-12-31,16:00:00,0.000
27,7512593.144,4691741.500,0.000,,0.000,1969-12-31,16:00:00,0.000
28,7512592.892,4691741.706,0.000,,0.000,1969-12-31,16:00:00,0.000
29,7512598.426,4691738.729,0.000,,0.000,1969-12-31,16:00:00,0.000
30,7512598.697,4691738.508,0.000,,0.000,1969-12-31,16:00:00,0.000
31,7512597.938,4691737.579,0.000,,0.000,1969-12-31,16:00:00,0.000
32,7512597.667,4691737.801,0.000,,0.000,1969-12-31,16:00:00,0.000
33,7512595.733,4691735.437,0.000,,0.000,1969-12-31,16:00:00,0.000
34,7512596.004,4691735.215,0.000,,0.000,1969-12-31,16:00:00,0.000
35,7512595.244,4691734.287,0.000,,0.000,1969-12-31,16:00:00,0.000
36,7512594.974,4691734.508,0.000,,0.000,1969-12-31,16:00:00,0.000
37,7512591.325,4691730.008,0.000,,0.000,1969-12-31,16:00:00,0.000
38,7512591.577,4691729.802,0.000,,0.000,1969-12-31,16:00:00,0.000
39,7512590.817,4691728.874,0.000,,0.000,1969-12-31,16:00:00,0.000
40,7512590.566,4691729.079,0.000,,0.000,1969-12-31,16:00:00,0.000
41,7512588.852,4691726.471,0.000,,0.000,1969-12-31,16:00:00,0.000
42,7512588.600,4691726.677,0.000,,0.000,1969-12-31,16:00:00,0.000
43,7512589.360,4691727.605,0.000,,0.000,1969-12-31,16:00:00,0.000
44,7512589.611,4691727.399,0.000,,0.000,1969-12-31,16:00:00,0.000
45,7512603.301,4691734.742,0.000,,0.000,1969-12-31,16:00:00,0.000
46,7512603.553,4691734.536,0.000,,0.000,1969-12-31,16:00:00,0.000
47,7512602.793,4691733.607,0.000,,0.000,1969-12-31,16:00:00,0.000
48,7512602.542,4691733.813,0.000,,0.000,1969-12-31,16:00:00,0.000
49,7512606.629,4691732.020,0.000,,0.000,1969-12-31,16:00:00,0.000
50,7512606.900,4691731.799,0.000,,0.000,1969-12-31,16:00:00,0.000
51,7512606.140,4691730.870,0.000,,0.000,1969-12-31,16:00:00,0.000
52,7512605.869,4691731.092,0.000,,0.000,1969-12-31,16:00:00,0.000
53,7512611.257,4691728.235,0.000,,0.000,1969-12-31,16:00:00,0.000
54,7512611.528,4691728.013,0.000,,0.000,1969-12-31,16:00:00,0.000
55,7512610.768,4691727.084,0.000,,0.000,1969-12-31,16:00:00,0.000
56,7512610.498,4691727.306,0.000,,0.000,1969-12-31,16:00:00,0.000
57,7512613.424,4691723.621,0.000,,0.000,1969-12-31,16:00:00,0.000
58,7512613.153,4691723.842,0.000,,0.000,1969-12-31,16:00:00,0.000
59,7512614.546,4691725.545,0.000,,0.000,1969-12-31,16:00:00,0.000
60,7512614.817,4691725.323,0.000,,0.000,1969-12-31,16:00:00,0.000
61,7512611.853,4691722.252,0.000,,0.000,1969-12-31,16:00:00,0.000
62,7512612.124,4691722.030,0.000,,0.000,1969-12-31,16:00:00,0.000
63,7512611.364,4691721.102,0.000,,0.000,1969-12-31,16:00:00,0.000
64,7512611.093,4691721.323,0.000,,0.000,1969-12-31,16:00:00,0.000
65,7512608.075,4691723.792,0.000,,0.000,1969-12-31,16:00:00,0.000
66,7512607.379,4691724.361,0.000,,0.000,1969-12-31,16:00:00,0.000
67,7512607.695,4691724.748,0.000,,0.000,1969-12-31,16:00:00,0.000
68,7512608.392,4691724.179,0.000,,0.000,1969-12-31,16:00:00,0.000
69,7512603.428,4691727.593,0.000,,0.000,1969-12-31,16:00:00,0.000
70,7512602.731,4691728.163,0.000,,0.000,1969-12-31,16:00:00,0.000
71,7512603.049,4691728.551,0.000,,0.000,1969-12-31,16:00:00,0.000
72,7512603.746,4691727.982,0.000,,0.000,1969-12-31,16:00:00,0.000
73,7512600.255,4691730.188,0.000,,0.000,1969-12-31,16:00:00,0.000
74,7512599.636,4691730.695,0.000,,0.000,1969-12-31,16:00:00,0.000
75,7512599.952,4691731.081,0.000,,0.000,1969-12-31,16:00:00,0.000
76,7512600.571,4691730.575,0.000,,0.000,1969-12-31,16:00:00,0.000
77,7512603.582,4691720.824,0.000,,0.000,1969-12-31,16:00:00,0.000
78,7512604.820,4691719.812,0.000,,0.000,1969-12-31,16:00:00,0.000
79,7512604.598,4691719.541,0.000,,0.000,1969-12-31,16:00:00,0.000
80,7512603.360,4691720.553,0.000,,0.000,1969-12-31,16:00:00,0.000
81,7512607.996,4691717.536,0.000,,0.000,1969-12-31,16:00:00,0.000
82,7512608.267,4691717.315,0.000,,0.000,1969-12-31,16:00:00,0.000
83,7512607.507,4691716.386,0.000,,0.000,1969-12-31,16:00:00,0.000
84,7512607.237,4691716.608,0.000,,0.000,1969-12-31,16:00:00,0.000
85,7512605.224,4691711.305,0.000,,0.000,1969-12-31,16:00:00,0.000
86,7512605.495,4691711.084,0.000,,0.000,1969-12-31,16:00:00,0.000
87,7512604.735,4691710.155,0.000,,0.000,1969-12-31,16:00:00,0.000
88,7512604.464,4691710.377,0.000,,0.000,1969-12-31,16:00:00,0.000
89,7512603.850,4691709.626,0.000,,0.000,1969-12-31,16:00:00,0.000
90,7512604.121,4691709.404,0.000,,0.000,1969-12-31,16:00:00,0.000
91,7512602.729,4691707.702,0.000,,0.000,1969-12-31,16:00:00,0.000
92,7512602.458,4691707.924,0.000,,0.000,1969-12-31,16:00:00,0.000
93,7512597.080,4691712.323,0.000,,0.000,1969-12-31,16:00:00,0.000
94,7512596.809,4691712.544,0.000,,0.000,1969-12-31,16:00:00,0.000
95,7512597.568,4691713.473,0.000,,0.000,1969-12-31,16:00:00,0.000
96,7512597.839,4691713.251,0.000,,0.000,1969-12-31,16:00:00,0.000
97,7512591.972,4691716.500,0.000,,0.000,1969-12-31,16:00:00,0.000
98,7512591.702,4691716.721,0.000,,0.000,1969-12-31,16:00:00,0.000
99,7512592.461,4691717.650,0.000,,0.000,1969-12-31,16:00:00,0.000
100,7512592.732,4691717.429,0.000,,0.000,1969-12-31,16:00:00,0.000
101,7512588.877,4691719.032,0.000,,0.000,1969-12-31,16:00:00,0.000
102,7512588.568,4691719.285,0.000,,0.000,1969-12-31,16:00:00,0.000
103,7512589.580,4691720.523,0.000,,0.000,1969-12-31,16:00:00,0.000
104,7512589.890,4691720.270,0.000,,0.000,1969-12-31,16:00:00,0.000
105,7512590.845,4691721.516,0.000,,0.000,1969-12-31,16:00:00,0.000
106,7512590.574,4691721.738,0.000,,0.000,1969-12-31,16:00:00,0.000
107,7512591.334,4691722.667,0.000,,0.000,1969-12-31,16:00:00,0.000
108,7512591.604,4691722.445,0.000,,0.000,1969-12-31,16:00:00,0.000
109,7512594.468,4691720.103,0.000,,0.000,1969-12-31,16:00:00,0.000
110,7512594.738,4691719.882,0.000,,0.000,1969-12-31,16:00:00,0.000
111,7512593.979,4691718.953,0.000,,0.000,1969-12-31,16:00:00,0.000
112,7512593.708,4691719.175,0.000,,0.000,1969-12-31,16:00:00,0.000
113,7512599.575,4691715.926,0.000,,0.000,1969-12-31,16:00:00,0.000
114,7512599.846,4691715.704,0.000,,0.000,1969-12-31,16:00:00,0.000
115,7512599.086,4691714.776,0.000,,0.000,1969-12-31,16:00:00,0.000
116,7512598.815,4691714.997,0.000,,0.000,1969-12-31,16:00:00,0.000
117,7512594.811,4691728.822,0.000,,0.000,1969-12-31,16:00:00,0.000
118,7512590.988,4691724.149,0.000,,0.000,1969-12-31,16:00:00,0.000
119,7512593.310,4691722.250,0.000,,0.000,1969-12-31,16:00:00,0.000
120,7512597.133,4691726.924,0.000,,0.000,1969-12-31,16:00:00,0.000
121,7512597.326,4691726.765,0.000,,0.000,1969-12-31,16:00:00,0.000
122,7512595.431,4691724.448,0.000,,0.000,1969-12-31,16:00:00,0.000
123,7512598.062,4691722.296,0.000,,0.000,1969-12-31,16:00:00,0.000
124,7512599.960,4691724.617,0.000,,0.000,1969-12-31,16:00:00,0.000
125,7512600.154,4691724.459,0.000,,0.000,1969-12-31,16:00:00,0.000
126,7512598.097,4691721.944,0.000,,0.000,1969-12-31,16:00:00,0.000
127,7512595.272,4691724.254,0.000,,0.000,1969-12-31,16:00:00,0.000
128,7512593.345,4691721.898,0.000,,0.000,1969-12-31,16:00:00,0.000
129,7512590.637,4691724.113,0.000,,0.000,1969-12-31,16:00:00,0.000
130,7512594.618,4691728.981,0.000,,0.000,1969-12-31,16:00:00,0.000
131,7512590.516,4691738.800,0.000,,0.000,1969-12-31,16:00:00,0.000
132,7512591.132,4691738.296,0.000,,0.000,1969-12-31,16:00:00,0.000
133,7512590.816,4691737.909,0.000,,0.000,1969-12-31,16:00:00,0.000
134,7512590.199,4691738.413,0.000,,0.000,1969-12-31,16:00:00,0.000
135,7512608.787,4691715.662,0.000,,0.000,1969-12-31,16:00:00,0.000
136,7512609.058,4691715.441,0.000,,0.000,1969-12-31,16:00:00,0.000
137,7512607.666,4691713.738,0.000,,0.000,1969-12-31,16:00:00,0.000
138,7512607.395,4691713.960,0.000,,0.000,1969-12-31,16:00:00,0.000
P1,7512582.757,4691736.384,647.071,,647.071,1969-12-31,16:00:00,0.000
P2,7512638.303,4691739.721,646.382,,646.382,1969-12-31,16:00:00,0.000
K1-FS1,7512594.317,4691714.122,616.397,,616.397,2022-02-10,11:45:56,
200,7512579.663,4691732.228,616.688,KATI1,616.688,2022-02-10,13:59:19,
201,7512582.897,4691729.544,616.705,KATI1,616.705,2022-02-10,14:01:15,
202,7512582.695,4691729.264,616.676,KATI1,616.676,2022-02-10,14:01:28,
203,7512587.751,4691725.108,616.695,KATI1,616.695,2022-02-10,14:01:48,
204,7512587.991,4691725.366,616.719,KATI1,616.719,2022-02-10,14:01:56,
205,7512590.354,4691723.449,616.728,KATI1,616.728,2022-02-10,14:02:12,
206,7512590.820,4691723.963,616.714,KATI1,616.714,2022-02-10,14:02:22,
207,7512591.751,4691723.187,616.728,KATI1,616.728,2022-02-10,14:02:39,
208,7512588.262,4691718.932,616.729,KATI1,616.729,2022-02-10,14:02:53,
209,7512590.417,4691717.177,616.717,KATI1,616.717,2022-02-10,14:03:10,
210,7512589.862,4691716.468,616.713,KATI1,616.713,2022-02-10,14:03:24,
211,7512601.842,4691706.651,616.705,KATI1,616.705,2022-02-10,14:03:50,
212,7512609.106,4691715.497,616.698,KATI1,616.698,2022-02-10,14:04:26,
213,7512607.714,4691716.581,616.697,KATI1,616.697,2022-02-10,14:04:43,
214,7512615.603,4691726.200,616.697,KATI1,616.697,2022-02-10,14:05:12,
215,7512591.016,4691746.260,616.670,KATI1,616.670,2022-02-10,14:05:45,
P3,7512536.565,4691721.615,610.714,,610.714,2022-02-10,14:16:28,
P4,7512536.565,4691721.616,610.715,,610.715,2022-02-10,14:16:42,
P5,7512558.221,4691702.660,610.715,,610.715,2022-02-10,14:18:39,
P6,7512605.604,4691688.213,611.495,,611.495,2022-02-10,14:20:55,
216,7512580.828,4691732.984,614.096,SHTYLLA,614.096,2022-02-10,14:22:01,
217,7512583.708,4691730.606,614.278,SHTYLLA,614.278,2022-02-10,14:22:20,
P-FS1,7512581.557,4691714.262,611.920,,611.920,2022-02-10,14:30:19,
218,7512580.487,4691733.262,614.301,PERDHESA,614.301,2022-02-10,14:31:18,
219,7512579.621,4691732.216,612.185,PERDHESA,612.185,2022-02-10,14:31:44,
220,7512591.356,4691722.712,612.169,PERDHESA,612.169,2022-02-10,14:32:10,
221,7512584.075,4691730.318,613.587,SHTYLLA,613.587,2022-02-10,14:33:49,
222,7512583.725,4691730.605,613.747,SHTYLLA,613.747,2022-02-10,14:34:11,
223,7512588.528,4691726.674,613.406,SHTYLLA,613.406,2022-02-10,14:34:26,
224,7512588.852,4691726.382,613.386,SHTYLLA,613.386,2022-02-10,14:34:38,
225,7512592.060,4691725.916,613.665,SHTYLLA,613.665,2022-02-10,14:34:58,
226,7512590.612,4691724.120,613.434,SHTYLLA,613.434,2022-02-10,14:35:15,
227,7512593.344,4691721.850,613.303,SHTYLLA,613.303,2022-02-10,14:35:33,
228,7512588.547,4691719.266,612.203,SHTYLLA,612.203,2022-02-10,14:37:05,
229,7512587.990,4691718.580,612.165,PERDHESA,612.165,2022-02-10,14:37:24,
230,7512602.130,4691706.938,612.749,PERDHESA,612.749,2022-02-10,14:39:16,
231,7512602.729,4691707.654,612.907,SHTYLLA,612.907,2022-02-10,14:39:30,
232,7512602.385,4691707.930,612.923,SHTYLLA,612.923,2022-02-10,14:39:43,
233,7512607.713,4691713.720,614.490,SHTYLLA,614.490,2022-02-10,14:40:11,
234,7512607.386,4691713.984,614.498,SHTYLLA,614.498,2022-02-10,14:40:24,
235,7512607.465,4691716.979,614.084,SHTYLLA,614.084,2022-02-10,14:40:50,
236,7512607.928,4691717.545,614.219,SHTYLLA,614.219,2022-02-10,14:41:02,
237,7512613.531,4691724.373,613.672,SHTYLLA,613.672,2022-02-10,14:43:19,
238,7512614.523,4691725.562,612.804,SHTYLLA,612.804,2022-02-10,14:43:36,
239,7512615.568,4691726.242,612.286,SHTYLLA,612.286,2022-02-10,14:44:04,
240,7512615.568,4691726.242,612.286,PERDHESA,612.286,2022-02-10,14:44:13,
241,7512591.109,4691746.235,612.297,PERDHESA,612.297,2022-02-10,14:45:06,
242,7512590.658,4691745.076,612.361,SHTYLLA,612.361,2022-02-10,14:45:25,
